alpha: 0.014771045302074959
h_dd: 3.339334395405912
h_uu: 3.994997153332073
h_du: 69.80165790304315
